int komsuluk_matrisi[20][20] = {              
        {
            0,1,0,0,0,0,0,0,0,0,0,0,0,0,1,1,0,0,0,0 // 0. düðüm
        },
        {
            1,0,1,0,0,0,0,0,0,0,0,0,0,0,0,1,0,0,0,0 // 1. düðüm
        },
        {
            0,1,0,1,0,0,0,0,0,0,0,0,0,0,0,0,1,0,0,0 // 2. düðüm
        },
        {
            0,0,1,0,0,0,0,0,0,1,0,0,0,0,0,0,0,0,0,0 // 3. düðüm
        },
        {
            0,0,0,0,0,0,1,0,0,0,0,0,0,0,0,0,0,0,0,0 // 4. düðüm
        },
        {
            0,0,0,0,0,0,1,0,0,0,0,0,0,0,0,0,0,0,0,0 // 5. düðüm
        },
        {
            0,0,0,0,1,1,0,1,1,0,0,0,0,0,0,0,0,0,0,0 // 6. düðüm
        },
        {
            0,0,0,0,0,0,1,0,1,0,0,0,0,0,0,0,0,0,0,0 // 7. düðüm
        },
        {
            0,0,0,0,0,0,1,1,0,1,0,1,0,1,0,0,0,0,0,0 // 8. düðüm
        },
        {
            0,0,0,1,0,0,0,0,1,0,0,0,0,0,0,0,0,0,0,0 // 9. düðüm
        },
        {
            0,0,0,0,0,0,0,0,0,0,0,1,0,0,0,0,0,0,0,0 // 10. düðüm
        },
        {
            0,0,0,0,0,0,0,0,1,0,1,0,1,0,0,0,0,0,0,0 // 11. düðüm
        },
        {
            0,0,0,0,0,0,0,0,0,0,0,1,0,1,0,0,0,0,0,0 // 12. düðüm
        },
        {
            0,0,0,0,0,0,0,0,1,0,0,0,1,0,0,0,0,0,0,1 // 13. düðüm
        },
        {
            1,0,0,0,0,0,0,0,0,0,0,0,0,0,0,0,0,1,0,0 // 14. düðüm
        },
        {
            1,1,0,0,0,0,0,0,0,0,0,0,0,0,0,0,1,0,0,0 // 15. düðüm
        },
        {
            0,0,1,0,0,0,0,0,0,0,0,0,0,0,0,1,0,0,1,0 // 16. düðüm
        },
        {
            0,0,0,0,0,0,0,0,0,0,0,0,0,0,1,0,0,0,1,0 // 17. düðüm
        },
        {
            0,0,0,0,0,0,0,0,0,0,0,0,0,0,0,0,1,1,0,1 // 18. düðüm
        },
        {
            0,0,0,0,0,0,0,0,0,0,0,0,0,1,0,0,0,0,0,1 // 19. düðüm
        }


        };
